key,0,1,2,3,4,5,6,7,8,9,10,11,12,13,14,15,16,17,18,19,20,21,22,23,24
#,GatheringLevel,BigFish{OnReach},BigFish{OnEnd},,FishingSpotCategory,Rare,TerritoryType,PlaceName{Main},PlaceName{Sub},X,Z,Radius,,Item[0],Item[1],Item[2],Item[3],Item[4],Item[5],Item[6],Item[7],Item[8],Item[9],PlaceName,Order
offset,68,0,4,8,69,71,52,54,56,64,66,58,70,12,16,20,24,28,32,36,40,44,48,60,62
int32,byte,str,str,str,byte,bit&01,TerritoryType,PlaceName,PlaceName,int16,int16,uint16,byte,Item,Item,Item,Item,Item,Item,Item,Item,Item,Item,PlaceName,uint16
0,0,"","","",0,False,0,0,0,0,0,0,0,0,0,0,0,0,0,0,0,0,0,950,0
1,15,"REACH!","FAIL!","",1,False,0,0,0,0,0,0,0,4776,4869,4870,4876,4877,4936,0,0,0,0,0,0
2,5,"","","",2,False,148,0,0,1094,1058,400,2,4925,4927,4932,4934,4935,4936,4952,7705,0,0,951,46
3,15,"","","",2,False,148,0,0,1276,1398,400,2,4929,4932,4934,4935,4936,4947,4951,7700,0,0,952,47
4,30,"","","",2,False,148,0,0,730,1156,400,4,4958,4942,4975,4974,4968,4973,7920,0,0,0,101,48
5,35,"","","",2,False,148,0,0,690,1011,400,2,4950,4958,4964,4942,4939,4979,4976,7934,0,0,104,49
6,15,"","","",2,False,152,0,0,401,1094,400,2,4929,4927,4932,4936,4941,4945,4952,7694,0,0,155,51
7,25,"","","",2,False,152,0,0,973,1025,400,2,4940,4941,4948,4958,4962,4967,4968,4992,7912,0,953,54
8,15,"","","",2,False,152,0,0,1150,1214,400,2,4935,4936,4940,4941,4942,4949,4952,7683,0,0,954,52
9,45,"","","",2,False,152,0,0,1250,986,600,2,4981,4982,4994,4995,4996,5022,8773,0,0,0,955,55
10,20,"","","",2,False,152,0,0,833,798,400,2,4929,4941,4944,4947,4951,4954,4959,7907,0,0,112,53
11,20,"","","",2,False,153,0,0,850,900,400,2,4940,4941,4942,4943,4945,4952,4958,4982,7908,0,956,56
12,30,"","","",2,True,153,0,0,947,1076,200,1,4940,4945,4961,4967,4974,4976,4980,4982,7921,0,957,59
13,25,"","","",2,False,153,0,0,867,1190,400,4,4940,4942,4943,4950,4952,4958,4962,4967,4982,7913,958,57
14,25,"","","",2,False,153,0,0,1142,1067,400,4,4940,4943,4945,4948,4950,4952,4958,4982,7914,0,959,58
15,30,"","","",2,False,153,0,0,1324,1023,400,2,4942,4950,4959,4961,4964,4967,4973,4978,5000,7922,960,60
16,35,"","","",2,False,153,0,0,880,1401,400,3,4929,4962,4972,4974,4980,5023,7936,0,0,0,126,61
17,45,"You sense something larger than even a giant takitaro!","You no longer sense anything out of the ordinary.","The presence looms large once more!",2,False,153,0,0,1576,1147,400,2,4942,4975,4973,4974,4982,4996,5008,5028,8774,8775,82,62
18,15,"","","",2,False,154,0,0,1268,1204,400,4,4935,4936,4940,4941,4949,4951,7699,0,0,0,961,63
19,15,"","","",2,False,154,0,0,1000,1182,400,2,4927,4935,4936,4940,4942,4943,4945,4963,7695,0,962,64
20,40,"","","",2,False,154,0,0,990,990,400,4,4954,4974,4976,4984,4990,4994,4996,5029,7947,0,86,65
21,50,"You sense something massive just below the surface!","You no longer sense anything out of the ordinary.","The mysterious mass returns!",2,True,154,0,0,840,940,400,1,4950,4954,4973,4978,5002,5008,5011,5026,8760,0,963,66
22,45,"","","",2,False,156,0,0,1203,602,400,4,5544,4978,4989,5003,5002,5006,5011,5027,7951,0,410,99
23,50,"","","",2,True,156,0,0,886,833,200,2,5544,4978,4981,4989,4993,5002,5006,5011,5024,8759,414,102
24,50,"","","",2,False,156,0,0,670,615,400,4,4929,4942,4978,5003,5002,5004,5006,5021,8761,0,413,103
25,45,"","","",2,False,156,0,0,595,528,200,2,4942,4959,4974,4981,4989,4993,5008,4975,8758,0,966,100
26,35,"","","",2,False,155,0,0,972,1478,400,2,4927,4936,4940,4976,4981,4986,5009,7932,0,0,968,90
27,50,"","","",4,False,155,0,0,1633,888,600,4,5038,5039,5040,5041,5042,5044,5046,8771,8772,0,389,98
28,40,"","","",2,False,155,0,0,731,1019,400,2,4927,4937,4981,4986,4988,4997,5009,5025,7945,0,969,92
29,45,"The water falls dark...","A faint glow returns to the water.","Again the water darkens!",2,True,155,0,0,1525,325,400,2,5544,4937,4981,4986,4995,4997,5010,8769,0,0,392,95
30,40,"","","",2,False,155,0,0,1344,796,400,2,4927,4940,4937,4976,4986,5009,7944,0,0,0,970,93
31,35,"","","",2,False,155,0,0,612,1089,300,4,4927,4938,5544,4937,4984,5014,7933,0,0,0,398,91
32,40,"","","",2,False,155,0,0,272,1080,200,4,5544,4937,4997,5009,7946,0,0,0,0,0,971,94
33,45,"","","",2,False,155,0,0,108,1014,400,3,4940,4976,4986,5013,8770,0,0,0,0,0,404,96
34,45,"","","",4,False,155,0,0,660,620,600,2,5038,5039,5040,5041,5042,7949,0,0,0,0,972,97
35,1,"","","",1,False,129,0,0,668,1120,3000,2,4869,4870,4776,4871,4872,4874,4876,4885,7707,0,29,2
36,1,"","","",1,False,128,0,0,930,1032,3000,2,4869,4870,4776,4871,4872,4874,4876,4885,7685,0,28,1
37,1,"","","",1,False,134,0,0,884,1049,600,1,4869,4870,4871,4872,4873,4874,4876,4883,4885,7678,973,3
38,5,"","","",1,False,134,0,0,682,734,600,1,4869,4871,5460,4872,4874,4875,4885,4888,4903,7686,974,6
39,1,"","","",2,False,134,0,0,1054,1058,400,3,4925,4926,4928,4930,4946,7679,0,0,0,0,182,4
40,1,"","","",2,False,134,0,0,960,850,400,4,4925,4926,4928,4930,4934,4946,7688,0,0,0,975,5
41,5,"","","",2,False,134,0,0,861,693,400,3,4926,4928,4930,4931,4934,4936,4946,7709,0,0,193,7
42,15,"","","",2,True,134,0,0,989,558,200,2,4928,4931,4941,4946,4948,4952,4956,7682,0,0,192,8
43,1,"","","",2,False,135,0,0,1188,1100,400,2,4925,4926,4928,4930,4931,4934,4936,7681,0,0,197,9
44,5,"","","",1,False,135,0,0,1294,1248,600,3,4869,4776,4872,4873,4875,4877,4878,4885,7680,0,976,10
45,10,"","","",1,False,135,0,0,1712,850,600,2,4869,4872,4874,4877,4878,4879,4885,4897,7710,0,977,11
46,15,"","","",1,False,135,0,0,1270,1672,600,3,4872,4874,4877,4878,4879,4881,4882,4885,7712,0,337,14
47,10,"","","",1,False,135,0,0,1174,1934,600,3,4873,4875,4877,4878,4879,4881,4915,7690,0,0,341,12
48,20,"","","",1,True,135,0,0,818,1752,600,1,4873,4878,4880,4884,4886,4890,4892,6185,7903,0,338,16
49,10,"","","",1,False,135,0,0,980,1900,400,1,4870,4875,4877,4878,4879,4881,4914,7691,0,0,339,13
50,15,"","","",2,False,135,0,0,1049,1699,400,2,4931,4933,4943,4944,4947,4948,4952,4970,7697,0,340,15
51,25,"","","",1,False,137,0,0,1595,1672,600,2,4869,4876,4885,5461,4890,4891,4898,4903,10123,7909,978,18
52,30,"","","",1,False,137,0,0,1593,1414,800,4,4883,4886,4891,4895,4896,4898,4901,4903,4913,7915,206,19
53,35,"","","",1,False,137,0,0,1600,1160,400,1,4874,4888,4892,4894,4896,4900,4902,5462,4917,7924,979,20
54,35,"","","",2,True,137,0,0,1490,1100,200,2,4933,4945,4974,4983,4987,4998,7925,0,0,0,211,23
55,40,"","","",2,False,137,0,0,959,1247,400,2,4948,4965,4975,4974,4987,4990,4999,5001,7938,0,980,24
56,40,"","","",2,False,137,0,0,973,1462,400,2,4948,4965,4974,4981,4987,4990,4991,4999,5001,7939,168,25
57,40,"","","",2,False,137,0,0,791,1550,400,4,4948,4950,4965,4970,4978,5003,5012,7940,0,0,981,26
58,45,"A golden figure lurks near the surface!","The golden figure has retreated to the murky depths.","The golden figure rises once more!",2,True,137,0,0,717,1322,200,1,4974,4978,4979,4987,4993,5001,5011,5031,8752,0,214,27
59,10,"","","",1,False,138,0,0,1641,1542,600,4,4870,5460,4874,4877,4878,4879,4881,4885,4916,7687,218,28
60,15,"","","",1,False,138,0,0,1283,1298,600,1,4869,4879,4881,4884,4885,4904,4912,7684,0,0,982,29
61,35,"","","",1,False,138,0,0,827,998,600,2,4887,5461,4893,4894,4900,4901,4902,7926,0,0,983,31
62,40,"","","",1,False,138,0,0,673,1444,600,2,4869,4872,4898,4901,5462,4903,4904,4907,4921,7941,984,32
63,50,"","","",1,True,138,0,0,590,1760,200,1,4898,5462,5466,4906,4908,4909,4910,4918,8755,8756,985,35
64,15,"","","",1,True,138,0,0,1456,1480,200,1,5460,4874,4880,4881,4882,4888,4920,7693,0,0,220,30
65,45,"","","",1,False,138,0,0,728,1752,400,3,4869,5462,4904,5466,4907,4908,4909,4919,4923,7950,228,33
66,20,"","","",2,False,139,0,0,629,1164,600,2,4941,4943,4953,4954,4955,4957,4959,4995,5015,7905,174,37
67,20,"","","",2,False,139,0,0,402,1004,400,2,4933,4941,4948,4949,4953,4955,4957,4959,4992,7904,234,38
68,35,"","","",2,False,139,0,0,1356,1091,600,2,4953,4954,4957,4973,4974,4978,4981,4988,5020,7927,987,40
69,25,"","","",1,False,140,0,0,678,1426,600,1,4870,4878,4879,4881,4893,4895,4899,4911,7910,0,266,71
70,15,"","","",1,False,140,0,0,526,578,600,2,4870,4874,4878,4879,4881,4885,7711,0,0,0,274,69
71,20,"","","",1,False,140,0,0,728,910,600,1,4870,4884,4886,4887,4889,4983,4911,7906,0,0,272,70
72,5,"","","",2,False,140,0,0,1174,1028,400,2,4929,4931,4934,4935,4936,4948,4952,7714,0,0,264,67
73,10,"","","",2,False,140,0,0,808,734,600,2,4925,4939,4943,4950,4944,4948,4952,7706,0,0,245,68
74,45,"Something large has risen from the depths to feed!","You no longer sense anything out of the ordinary.","The large predator hungers once more!",1,False,140,0,0,446,318,600,4,4869,4899,4900,4903,4904,5466,4909,4910,4924,8764,246,72
75,5,"","","",2,False,141,0,0,1120,860,400,2,4929,4931,4935,4936,4959,7692,0,0,0,0,990,75
76,10,"","","",2,False,141,0,0,806,1138,400,2,4929,4931,4935,4936,4959,4960,7698,0,0,0,991,76
77,15,"","","",2,False,141,0,0,1340,914,400,3,4929,4936,4939,4950,4944,4959,4960,7689,0,0,297,78
78,15,"","","",2,False,145,0,0,632,984,400,2,4931,4939,4943,4944,4950,4971,7704,0,0,0,992,79
79,15,"","","",2,False,145,0,0,810,1190,400,2,4931,4939,4943,4944,4950,4971,7702,0,0,0,993,80
80,30,"","","",2,False,145,0,0,1232,1082,400,2,4955,4958,4959,4967,4974,4985,7918,0,0,0,308,81
81,5,"","","",2,False,133,0,0,1553,530,600,2,4925,4932,4934,4936,4947,4905,7708,0,0,0,1000,44
82,40,"","","",2,False,145,0,0,1406,1184,600,4,4967,4973,4987,4989,4990,4993,4996,6191,5017,7942,253,82
83,25,"","","",2,False,146,0,0,1036,704,400,3,4948,4955,4959,4965,4966,7911,0,0,0,0,314,83
84,35,"","","",2,False,146,0,0,1218,1000,400,2,4947,4950,4966,4979,4987,4989,5007,7928,0,0,995,84
85,35,"","","",2,False,146,0,0,732,1496,400,4,4948,4955,4965,4966,4969,4979,4984,7929,0,0,323,85
86,35,"","","",3,False,146,0,0,568,1750,600,4,4977,5032,5034,5035,5036,5037,5043,7931,8768,0,996,86
87,35,"","","",3,True,146,0,0,1314,1796,600,4,5032,5033,5034,5035,5036,5037,5045,7930,0,0,997,87
88,45,"","","",2,False,147,0,0,986,1128,600,1,4970,4978,4989,5003,5004,5006,5011,5019,8767,0,330,89
89,40,"","","",2,False,147,0,0,1156,1249,400,3,4929,4978,4981,4984,4989,4993,4995,5005,5018,7943,998,88
90,5,"","","",2,False,132,0,0,1160,1361,600,4,4925,4932,4934,4936,4947,4905,7713,0,0,0,964,42
91,5,"","","",2,False,132,0,0,972,1065,400,1,4925,4932,4934,4936,4947,7696,0,0,0,0,965,43
92,35,"","","",2,False,148,0,0,493,1107,400,2,4939,4942,4950,4975,4978,7935,0,0,0,0,59,50
93,45,"","","",2,True,156,0,0,1406,466,600,2,4950,5544,4973,4978,4981,4993,5005,5006,8776,0,417,101
94,50,"You sense something even more terrible than Canavan in the waters before you!","You no longer sense anything out of the ordinary.","The terror strikes again!",2,False,156,0,0,1498,260,200,2,5544,4978,4981,4989,5002,5006,5011,5030,8762,8763,967,104
95,50,"","","",2,True,140,0,0,702,269,200,2,4970,4978,4989,5003,5004,5006,5012,8766,0,0,276,74
96,10,"","","",2,False,141,0,0,1426,1020,400,4,4929,4931,4935,4936,4959,7703,0,0,0,0,249,77
97,20,"","","",2,False,135,0,0,1321,734,200,2,4929,4944,4938,5544,7902,0,0,0,0,0,202,17
98,30,"","","",2,False,139,0,0,1627,1196,600,4,4933,4941,4943,4953,4954,7916,0,0,0,0,988,39
99,40,"","","",2,True,180,0,0,744,516,400,2,4981,4989,4991,4955,4988,5016,7937,0,0,0,989,41
100,5,"","","",2,False,133,0,0,790,700,600,2,4925,4932,4934,4936,4947,7701,0,0,0,0,999,45
101,45,"","","",1,False,138,0,0,806,738,600,4,4898,4900,5462,5466,4906,4910,7948,0,0,0,363,34
102,50,"","","",1,False,138,0,0,638,608,400,2,4870,4869,5462,4904,5466,4911,4922,8757,0,0,365,36
103,45,"","","",2,False,140,0,0,850,303,400,3,4938,4970,4978,5002,5005,8765,0,0,0,0,275,73
104,30,"","","",1,False,339,0,0,1000,1000,3000,2,4874,4885,4886,4891,4895,4896,4898,4906,7917,0,425,105
105,30,"","","",2,False,340,0,0,1000,1000,3000,2,4932,4945,4942,4951,4963,4968,4973,4975,7923,0,426,106
106,30,"","","",2,False,341,0,0,1000,1000,3000,2,4935,4943,4948,4952,4959,4965,4978,5011,7919,0,427,107
107,50,"","","",1,False,137,0,0,1830,1090,200,2,4871,4874,4886,4902,4896,5462,4888,4917,4920,8753,1001,21
108,50,"You sense a new legend might be told this day...","You no longer sense anything out of the ordinary.","The legend continues!",1,True,137,0,0,1810,1150,200,4,4869,4886,4897,4911,4904,4913,4914,4923,4919,8754,1002,22
109,50,"","","",2,False,397,0,0,1512,1260,200,2,4937,12718,12762,15626,0,0,0,0,0,0,2201,108
110,51,"","","",4,False,397,0,0,1640,1252,300,4,12714,12716,12724,12799,12766,16745,0,0,0,0,2217,109
111,52,"","","",2,False,397,0,0,1302,802,600,2,4937,12713,12715,12726,12796,13728,16746,0,0,0,1003,110
112,60,"It smells of a rat...","The stench has abated.","The reek intensifies!",2,True,397,0,0,1698,236,300,1,4937,12715,12718,12727,12837,14216,17563,17577,17592,0,1004,111
113,60,"","","",2,True,397,0,0,366,414,300,4,12725,12824,12809,12823,29678,15627,0,0,0,0,2227,112
114,53,"","","",2,False,397,0,0,986,490,300,2,4937,12713,12715,12720,12738,12737,12719,14219,15439,17578,1005,113
115,52,"","","",2,False,397,0,0,620,698,300,2,4937,12715,12719,12720,12748,12817,24557,15628,0,0,2211,114
116,53,"","","",2,False,397,0,0,582,372,600,2,12719,12720,12715,12765,12763,14217,23073,16756,0,0,1006,115
117,52,"","","",2,False,398,0,0,1442,432,400,2,12721,12741,12722,12740,12769,13729,17566,15629,0,0,2019,116
118,52,"","","",2,False,398,0,0,1406,656,600,2,12721,12733,12741,12729,12761,12722,16747,0,0,0,2020,117
119,52,"","","",2,False,398,0,0,1152,1178,600,2,12721,12733,12722,12729,12767,12750,15630,0,0,0,2004,118
120,55,"","","",2,True,398,0,0,1453,240,900,2,12741,12722,12764,12802,12828,14211,17582,0,0,0,2029,119
121,55,"","","",6,False,398,0,0,576,588,600,2,12745,12754,12772,12787,12820,15631,0,0,0,0,2008,120
122,56,"","","",6,False,398,0,0,410,310,300,4,12754,12755,12759,12772,12826,16751,0,0,0,0,1007,121
123,57,"","","",6,False,398,0,0,876,466,200,2,12745,12754,12772,12755,12787,12786,30488,17583,0,0,2064,122
124,60,"You sense something deep beneath the magma...","You no longer sense anything out of the ordinary.","The magma swells once more!",6,True,398,0,0,316,210,200,2,12754,12759,12787,12800,12832,14215,17584,17588,0,0,2030,123
125,57,"","","",2,False,399,0,0,1052,1070,400,2,12757,12780,12790,12756,12783,12804,12819,29673,15632,0,2039,124
126,58,"","","",2,False,399,0,0,490,1260,1200,2,12722,12730,12757,12818,12781,12752,14212,33219,16748,0,2035,125
127,58,"Something glimmers near the riverbed...","You no longer perceive anything out of the ordinary.","The riverbed glimmers once more!",2,False,399,0,0,1042,1678,800,2,12757,12747,12780,12756,12818,12830,14220,17562,17585,17590,1008,126
128,60,"","","",2,True,399,0,0,931,1140,500,4,12790,12747,12780,12757,12730,12831,12836,13732,30492,16754,1009,127
129,54,"","","",2,False,400,0,0,1700,1400,300,4,12731,5544,12743,12768,15633,0,0,0,0,0,2013,128
130,54,"","","",2,False,400,0,0,368,1584,600,2,12758,16749,36662,0,0,0,0,0,0,0,2017,129
131,54,"","","",2,False,400,0,0,388,336,500,4,12731,12742,12792,12782,17565,23075,17586,0,0,0,2079,130
132,54,"","","",5,False,400,0,0,1362,1156,1200,2,12753,12795,12760,12771,12793,12797,13731,15634,0,0,2014,131
133,55,"","","",5,False,400,0,0,828,1868,1000,4,12753,12795,12760,12805,12770,12794,12821,16742,0,0,1010,132
134,55,"You sense the lord of these skies has returned...","You no longer sense anything out of the ordinary.","Again, you sense a humbling presence...",5,True,400,0,0,914,256,400,2,12753,12760,12805,12784,12789,12813,12835,14214,17587,17593,2048,133
135,52,"","","",2,False,401,0,0,1324,1610,1000,2,12757,12731,12730,12728,12739,12802,33220,15635,0,0,2103,134
136,60,"","","",2,True,401,0,0,1450,1832,300,2,12757,12731,12730,12818,12749,12829,17564,17579,0,0,2120,135
137,53,"","","",5,False,401,0,0,668,1784,300,2,12723,12734,12732,12744,12736,14213,16750,0,0,0,2102,136
138,56,"","","",5,False,401,0,0,316,500,1000,2,12734,12753,12735,12746,12822,12785,12798,30490,15636,0,2105,137
139,56,"Lady Luck has sidled up beside you...","The good lady has departed.","It seems Lady Luck has given you another chance!",5,True,401,0,0,680,220,800,2,12723,12753,12810,12814,12834,13730,16743,17591,0,0,2129,138
140,58,"","","",7,False,402,0,0,752,524,500,2,12776,12773,12812,12775,31134,15637,0,0,0,0,2109,139
141,59,"","","",7,False,402,0,0,1430,270,300,2,12776,12773,12812,12788,12801,16752,0,0,0,0,1011,140
142,60,"","","",7,True,402,0,0,280,744,200,2,12776,12778,12815,12807,14218,17580,0,0,0,0,2177,141
143,59,"","","",2,False,402,0,0,526,1462,1000,2,12791,12811,12777,12818,12803,31771,15638,0,0,0,2112,142
144,60,"","","",2,True,402,0,0,274,1630,300,3,12791,12779,12777,12751,12774,31770,16753,0,0,0,2173,143
145,60,"","","",5,True,402,0,0,1860,840,300,1,12753,12805,12808,12806,12785,12833,12825,12813,17581,0,2113,144
146,60,"Something wondrous this way comes...","You no longer sense anything out of the ordinary.","Something wondrous wends its way back!",7,True,402,0,0,1000,1000,300,2,12776,12778,12815,12816,12827,13727,16744,17589,0,0,2114,145
147,60,"","","",2,False,0,0,0,0,0,0,0,12728,12731,0,0,0,0,0,0,0,0,2257,0
148,60,"","","",2,False,0,0,0,0,0,0,0,12828,12768,0,0,0,0,0,0,0,0,2258,0
149,60,"","","",2,False,0,0,0,0,0,0,0,12728,12730,12731,12818,0,0,0,0,0,0,2259,0
150,60,"","","",2,False,0,0,0,0,0,0,0,12729,0,0,0,0,0,0,0,0,0,2260,0
151,60,"","","",2,False,0,0,0,0,0,0,0,12731,0,0,0,0,0,0,0,0,0,2261,0
152,60,"","","",5,False,0,0,0,0,0,0,0,12734,12732,12744,12736,0,0,0,0,0,0,2262,0
153,60,"","","",5,False,0,0,0,0,0,0,0,12732,12735,12736,12744,0,0,0,0,0,0,2263,0
154,60,"","","",5,False,0,0,0,0,0,0,0,12834,12814,0,0,0,0,0,0,0,0,2264,0
155,35,"","","",2,False,180,0,0,920,860,500,4,4953,4954,4957,4973,4974,4978,4981,4988,5020,7927,1012,146
156,50,"","","",1,False,137,0,0,1750,1280,400,1,4869,4886,4897,4904,4913,4914,4923,4919,20524,20143,1013,147
157,63,"","","",1,False,628,0,0,950,1000,3000,4,20092,20112,20113,20110,20054,22396,23063,0,0,0,2501,162
158,62,"","","",1,False,613,0,0,1870,1870,400,4,20092,20093,20037,20786,24214,24993,0,0,0,0,1027,163
159,62,"","","",1,False,613,0,0,1240,1630,2000,4,20092,20094,20112,20109,20018,21176,23054,24560,24882,0,1028,164
160,65,"","","",1,True,613,0,0,1680,960,2000,4,20092,20094,20112,20099,20110,20034,22393,30491,24883,0,1029,165
161,63,"","","",1,False,613,0,0,1580,360,1000,4,20092,20095,20096,20097,20098,20048,24558,23065,0,0,1030,166
162,64,"","","",1,False,613,0,0,1050,500,1000,4,20112,20101,20102,20022,20100,30489,24215,0,0,0,1031,167
163,64,"","","",1,False,613,0,0,400,546,1000,4,20093,20106,20107,20108,20032,22390,23074,24884,0,0,1032,168
164,70,"","","",1,False,613,0,0,365,1280,1000,4,20112,20104,20105,20038,20103,23066,0,0,0,0,1033,169
165,64,"","","",2,False,614,0,0,1690,650,300,4,20123,20111,20787,24885,0,0,0,0,0,0,1034,170
166,64,"","","",2,False,614,0,0,1740,800,200,4,20046,20123,20111,24886,0,0,0,0,0,0,1035,171
167,64,"","","",2,False,614,0,0,1425,730,300,4,20137,24887,0,0,0,0,0,0,0,0,1036,172
168,67,"The lake begins to radiate all the colors of the rainbow!","The glow fades...","The rainbow returns!",2,False,614,0,0,1380,275,800,4,20052,20053,21177,22397,23055,23056,24203,24204,24994,0,1042,177
169,67,"","","",2,False,614,0,0,1535,310,200,4,20123,20111,20124,24890,0,0,0,0,0,0,1043,176
170,67,"","","",2,False,614,0,0,670,320,500,4,20123,20028,20115,20116,20114,23067,0,0,0,0,1037,179
171,67,"","","",2,False,614,0,0,520,650,1000,4,20123,20027,20117,20119,33222,24888,0,0,0,0,1038,178
172,65,"","","",2,False,614,0,0,950,1160,1000,4,20118,20120,20123,20020,20119,24561,24889,0,0,0,1039,173
173,70,"","","",2,True,614,0,0,500,1595,600,4,20120,20123,20119,20021,24216,0,0,0,0,0,1040,174
174,70,"","","",2,True,614,0,0,1750,1140,400,4,20123,20119,20122,20051,20121,31129,23068,0,0,0,1041,175
175,60,"","","",2,False,622,0,0,1570,1470,200,4,20036,20126,20127,20128,20132,24892,0,0,0,0,1046,180
176,60,"","","",2,False,622,0,0,1400,970,300,4,20127,20138,20129,20133,20030,24893,0,0,0,0,2500,181
177,60,"","","",2,False,622,0,0,846,890,300,4,20023,20127,20129,20131,20133,24218,0,0,0,0,1049,182
178,60,"","","",2,False,622,0,0,1030,1070,1000,4,20126,20127,20130,20140,20024,21178,24217,0,0,0,1045,183
179,60,"","","",2,False,622,0,0,780,670,300,4,20127,20129,20133,20134,20044,22398,23069,0,0,0,1047,184
180,60,"","","",2,False,622,0,0,1080,1370,300,4,20126,20128,20132,20031,20135,33223,23070,0,0,0,1048,185
181,60,"","","",2,False,622,0,0,575,1610,200,4,20125,20080,24891,24995,0,0,0,0,0,0,1044,186
182,61,"","","",2,False,635,0,0,1000,1300,400,4,20042,20055,20058,20056,20057,23057,0,0,0,0,2502,148
183,62,"","","",2,False,635,0,0,1025,935,1000,4,20029,20062,20056,20059,20060,20061,24205,0,0,0,2504,149
184,62,"","","",2,False,635,0,0,1115,490,300,4,20026,20064,20065,20057,20063,22392,24206,0,0,0,2503,150
185,61,"","","",2,False,612,0,0,525,860,400,4,20049,20058,20064,20066,20785,24207,24990,0,0,0,1014,151
186,62,"","","",2,False,612,0,0,430,1400,1100,4,20058,20082,20083,20136,20081,20142,24559,23058,0,0,1015,152
187,62,"","","",2,False,612,0,0,645,1500,300,4,20082,20084,20085,20086,21174,23072,23059,0,0,0,1016,153
188,61,"","","",2,False,612,0,0,845,425,600,4,20087,20033,20057,20088,20788,24208,0,0,0,0,1017,154
189,62,"","","",2,False,612,0,0,1325,770,400,4,20090,20047,20091,20089,22389,33221,24209,0,0,0,1018,155
190,61,"The stones beneath the water begin shifting hither and thither.","The stones are stationary once again.","The stones clatter back to life!",2,False,620,0,0,260,700,300,4,20066,20067,20068,23071,23060,24991,0,0,0,0,1019,156
191,61,"","","",2,False,620,0,0,1130,410,400,4,20045,20070,20056,20050,20066,20069,23061,0,0,0,1020,157
192,65,"","","",2,True,620,0,0,1580,280,400,4,20072,20066,20071,20043,20789,24210,0,0,0,0,1021,158
193,70,"","","",2,True,620,0,0,1550,800,400,4,20050,20073,20075,20074,24212,0,0,0,0,0,1022,159
194,68,"","","",2,False,620,0,0,978,1582,1200,4,20066,20069,20076,20077,20073,22391,24211,0,0,0,1023,160
195,70,"","","",2,True,620,0,0,410,1820,500,4,20056,20079,20141,20078,20019,21175,24881,0,0,0,1025,161
196,70,"A massive shadow slides across the loch floor.","The shadow is no more.","Again the shadow looms!",8,False,621,0,0,1025,1025,3000,4,20025,20039,20035,20041,20040,22394,23062,24992,0,0,1026,187
197,63,"","","",1,False,641,0,0,750,1350,1000,4,20092,20112,20113,20110,23064,0,0,0,0,0,2505,189
198,65,"","","",2,True,641,0,0,970,1030,500,2,20137,20123,20036,20125,22395,24213,0,0,0,0,2506,190
199,70,"","","",2,False,819,0,0,770,645,600,4,27417,27411,27412,27414,27413,33316,0,0,0,0,3289,191
200,70,"","","",2,False,819,0,0,940,1460,600,4,27417,27411,27415,27416,30432,0,0,0,0,0,3290,192
201,70,"","","",2,False,819,0,0,1175,1530,600,4,27417,27411,27410,27418,28065,0,0,0,0,0,3291,193
202,71,"","","",2,False,813,0,0,1500,545,1200,4,26746,27425,27427,27426,27431,30433,0,0,0,0,3292,194
203,72,"","","",2,False,813,0,0,545,1025,300,4,27425,27427,27426,27433,27432,32049,0,0,0,0,3293,195
204,71,"","","",2,False,813,0,0,585,1430,1500,4,27425,27428,27429,27430,27434,28189,38792,28067,0,0,3294,196
205,72,"","","",2,False,813,0,0,920,1740,900,4,27425,27429,27430,27435,33317,0,0,0,0,0,3295,197
206,75,"","","",2,True,813,0,0,410,1830,900,4,27425,27428,27436,27437,39810,28925,33239,0,0,0,3296,198
207,78,"","","",2,False,814,0,0,1300,670,1200,4,27438,27439,27440,27441,27442,30434,0,0,0,0,3297,199
208,71,"","","",2,False,814,0,0,1420,1020,300,4,27438,27440,27443,28190,39815,32050,0,0,0,0,3298,200
209,71,"","","",2,False,814,0,0,1460,1300,1200,4,27438,27439,27440,27444,28926,0,0,0,0,0,3299,201
210,71,"","","",2,False,814,0,0,980,1160,1200,4,27438,27439,27445,28068,0,0,0,0,0,0,3300,202
211,72,"","","",1,False,814,0,0,370,1710,1800,4,27449,27448,27446,26747,27451,27450,28193,30487,33318,0,3301,203
212,75,"You see the flickering light of eyes beneath the waters.","The flickering light fades...","The light flickers back to life!",1,True,814,0,0,790,1740,600,4,27449,27448,27447,27452,27453,38793,33319,33240,0,0,3302,204
213,72,"","","",1,False,814,0,0,1710,1740,1800,4,27449,27446,27447,27457,27454,27455,27456,38810,32051,0,3303,205
214,72,"","","",1,False,820,0,0,1025,1025,2400,4,27419,27420,27422,27421,27423,27424,28066,0,0,0,3304,206
215,71,"You sense eyes staring up at you from the sandy waters...","You no longer sense anything out of the ordinary.","The eyes gaze at you once more!",3,False,815,0,0,1540,585,900,4,27458,27459,27462,27460,27461,28069,33241,0,0,0,3305,207
216,77,"","","",3,False,815,0,0,725,690,1200,4,27465,27459,27461,27466,26749,27467,28927,0,0,0,3307,209
217,72,"","","",3,False,815,0,0,1500,1530,1500,4,27458,27459,27463,27460,27464,28192,39809,33320,0,0,3306,208
218,73,"","","",2,False,816,0,0,165,1065,900,4,27470,27471,27475,27474,28191,38798,30435,0,0,0,3308,210
219,73,"","","",2,False,816,0,0,1000,1090,2400,4,27470,27479,27469,27476,27477,30593,28070,33242,0,0,3309,211
220,74,"","","",2,False,816,0,0,1050,405,600,2,27470,27479,27469,27472,27478,32052,0,0,0,0,3310,212
221,74,"","","",2,False,816,0,0,1240,400,600,4,27470,27479,27472,27468,28928,0,0,0,0,0,3311,213
222,75,"","","",2,True,816,0,0,1545,1065,300,4,27470,27471,27469,27481,33322,0,0,0,0,0,3314,216
223,74,"","","",2,False,816,0,0,1395,625,1200,4,26748,27470,27479,27473,33321,0,0,0,0,0,3312,214
224,74,"A glimmering jade figure drifts beneath the waters.","The glimmer fades into the depths.","The glimmering jade figure drifts back to the surface!",2,False,816,0,0,1695,1265,900,4,27470,27479,27472,27480,41300,41301,30436,0,0,0,3313,215
225,70,"","","",2,False,817,0,0,320,1385,1800,4,27482,27486,27484,27490,27491,38799,28071,33243,0,0,3315,217
226,70,"","","",2,False,817,0,0,435,990,600,4,27482,27486,27487,27485,27492,32053,0,0,0,0,3316,218
227,70,"","","",2,False,817,0,0,750,1025,900,4,27482,27486,27489,27488,27483,28929,0,0,0,0,3317,219
228,70,"","","",2,False,817,0,0,1150,1530,1200,4,27482,27486,27489,27488,27484,27493,30437,0,0,0,3318,220
229,80,"","","",2,True,817,0,0,340,760,300,4,27482,27487,27485,27494,33323,0,0,0,0,0,3319,221
230,80,"","","",1,True,818,0,0,510,280,900,4,27497,27495,27499,27501,27502,28930,0,0,0,0,3320,222
231,79,"","","",1,False,818,0,0,1835,300,300,4,27497,27495,27499,27504,27503,32054,0,0,0,0,3321,223
232,79,"A large shadow dances along the loch floor.","The shadow is no more.","The shadow dances back into view!",1,False,818,0,0,545,495,300,4,27497,27496,27499,27500,27505,28719,33325,33244,0,0,3322,224
233,80,"","","",1,False,818,0,0,260,625,600,4,27497,27496,27506,27507,27508,39816,33326,0,0,0,3323,225
234,80,"","","",1,False,818,0,0,375,730,300,4,27497,27496,27500,27509,27510,30438,0,0,0,0,3324,226
235,79,"","","",1,False,818,0,0,1630,1480,600,4,27497,27496,27511,27498,27512,38812,28072,0,0,0,3325,227
236,80,"","","",1,False,818,0,0,1400,695,900,4,27497,27496,27513,27498,27514,27515,38814,30439,0,0,3326,228
237,1,"The visage of a gormless-looking Roegadyn stares at you from beneath the waters.","The face vanishes back into the depths.","The Roegadyn faces you once more!",1,False,900,3443,3444,1025,1025,300,4,28937,28938,29723,29719,28942,28939,29734,29721,29784,29744,3448,229
238,1,"The ocean begins to twinkle like the stars in the sky.","The twinkle fades to nothing.","Again the ocean twinkles!",1,False,900,3443,3444,1025,1025,300,2,29766,29749,29750,29754,29752,29753,29751,29782,29756,29788,3449,230
239,1,"A shadow evoking the Lord of the Whorl slithers across the ocean.","The shadow has disappeared.","The shadow slithers back across your field of vision!",1,False,900,3443,3445,1025,1025,300,4,29722,29739,28941,29724,29740,29725,29726,29727,29785,29745,3450,231
240,1,"The coral begins to wriggle about on the ocean floor.","The wriggling stops.","The wriggling begins once again.",1,False,900,3443,3445,1025,1025,300,2,29757,29758,29759,29779,29761,29760,29763,29755,29765,29789,3451,232
241,1,"You see a metallic glint just beneath the waters.","The glint vanishes.","You catch sight of the glint once more.",1,False,900,3443,3447,1025,1025,300,4,29728,29729,29730,29731,29735,29733,29742,29732,29787,29746,3454,235
242,1,"A massive boulder begins to writhe on the ocean floor.","The boulder ceases to move.","The boulder begins to writhe again.",1,False,900,3443,3447,1025,1025,300,2,29775,29767,29768,29769,29770,29762,29772,29780,29774,29790,3455,236
243,1,"You spot a glimmer of crimson, as if a ruby has floated to the surface of the ocean.","All hint of crimson vanishes.","The glimmer of crimson flashes into view once more.",1,False,900,3443,3446,1025,1025,300,4,29736,29737,29738,29718,28940,29741,29720,29743,29786,29747,3452,233
244,1,"The shadow lurking under the surface belongs to a beast spoken of only in legend.","The shadow is no more.","The shadow emerges from the depths once again.",1,False,900,3443,3446,1025,1025,300,2,29748,29776,29777,29778,29773,29771,29781,29764,29783,29791,3453,234
245,70,"","","",2,False,817,0,0,1250,1785,600,4,27482,27486,41302,41298,41299,33324,0,0,0,0,3458,237
246,1,"An aura of violent menace rises from the depths!","The sense of menace dissipates.","The aura of violent menace returns!",1,False,900,3443,3641,1025,1025,300,4,32055,32056,32057,32058,32059,32060,32061,32062,32063,32064,3621,238
247,1,"You glimpse the writhing silhouette of some vast tentacle moving just beneath the water.","The undulating shadow has withdrawn.","You sense the undulating shadow once again.",1,False,900,3443,3641,1025,1025,300,2,32065,32066,32067,32068,32069,32070,32071,32072,32073,32074,3622,239
248,1,"You glance down into a pair of astoundingly goblin-like eyes.","You no longer feel the weight of that goblin-like gaze.","You feel that goblin-like glaze boring into you again.",1,False,900,3443,3642,1025,1025,300,4,32075,32076,32077,32078,32079,32080,32081,32082,32083,32084,3623,240
249,1,"You rub your eyes, certain you'd seen a creature with no business being out on the ocean.","The out-of-place creature has moved on...or never was.","The out-of-place creature is back in place.",1,False,900,3443,3642,1025,1025,300,2,32085,32086,32087,32088,32089,32090,32091,32092,32093,32094,3624,241
250,1,"A graceful, leafy form appears, swirling and dancing beneath the waves.","The leafy form has swept on out of sight.","The leafy form swirls gracefully back into view.",1,False,900,3443,3643,1025,1025,300,4,32095,32096,32097,32098,32099,32100,32101,32102,32103,32104,3625,242
251,1,"A dull cracking and crunching sound echoes up from the sea floor.","The crunching, cracking sounds fade into silence.","The cracking and crunching sounds resound in your ears once again.",1,False,900,3443,3643,1025,1025,300,2,32105,32106,32107,32108,32109,32110,32111,32112,32113,32114,3626,243
252,80,"","","",1,False,962,0,0,1074,1518,2400,4,36385,36386,36387,36388,36389,36679,0,0,0,0,4050,244
253,80,"","","",2,False,962,0,0,1024,732,2100,4,36390,36392,36393,36394,37845,0,0,0,0,0,4051,245
254,80,"","","",2,False,962,0,0,670,980,300,4,36390,36395,36396,38830,0,0,0,0,0,0,4052,246
255,81,"","","",2,False,956,0,0,831,221,450,4,36397,36399,36400,35604,36402,36680,0,0,0,0,4053,247
256,81,"","","",2,False,956,0,0,878,496,900,4,36397,36403,36398,36404,36405,38831,0,0,0,0,4054,248
257,82,"","","",2,False,956,0,0,1561,409,450,4,36397,36407,36398,36408,37846,0,0,0,0,0,4055,249
258,82,"","","",2,False,956,0,0,1366,726,1800,4,36397,36409,36398,36410,39912,36411,39879,0,0,0,4056,250
259,82,"A reptilian tail writhes and splashes up to the surface!","The splashing subsides.","The splashing returns with renewed vigor!",2,False,956,0,0,972,756,600,4,36397,36412,36398,36414,41401,41407,0,0,0,0,4057,251
260,82,"","","",2,False,963,0,0,459,989,1350,4,36415,36417,36418,36419,36681,0,0,0,0,0,4058,252
261,81,"","","",1,False,957,0,0,1228,1764,600,4,36420,36421,36422,36423,37847,0,0,0,0,0,4059,253
262,81,"","","",1,False,957,0,0,428,1618,1800,4,36420,36421,36425,36426,36427,36663,38935,41402,0,0,4060,254
263,82,"","","",1,False,957,0,0,438,1090,600,4,36420,36421,35605,36430,41061,38832,0,0,0,0,4061,255
264,82,"","","",2,False,957,0,0,998,360,300,4,36431,36432,36434,36435,36682,0,0,0,0,0,4062,256
265,85,"","","",2,False,957,0,0,1500,419,1350,4,36436,36438,36439,36440,39880,0,0,0,0,0,4063,257
266,85,"","","",2,False,957,0,0,1478,1018,1200,4,36436,36438,36441,36442,36660,37848,0,0,0,0,4064,258
267,85,"","","",2,False,957,0,0,1149,675,450,4,36436,36443,36444,36446,38833,0,0,0,0,0,4065,259
268,85,"The Font's aquatic flora undulates with sudden activity! ","The activity subsides...","The aquatic flora undulates with activity anew!",2,False,957,0,0,1161,1187,750,4,36436,36443,36447,36448,36449,37697,41403,0,0,0,4066,260
269,85,"A massive, ship-shaped silhouette darkens the waters before you.","The shadowy silhouette returns to the depths.","The waters are once again darkened with the ship-shaped silhouette. ",1,True,957,0,0,322,328,900,4,36450,36451,36452,36453,36454,36686,39881,41408,0,0,4067,261
270,83,"A layer of ice suddenly forms upon the lake's surface!","The frozen surface thaws.","The lake's surface begins to freeze once again!",2,True,958,0,0,504,1484,600,4,35606,36457,36456,36458,36459,36683,41409,0,0,0,4068,262
271,83,"","","",2,False,958,0,0,1100,408,1800,4,35606,36460,36456,36461,36462,41059,37849,0,0,0,4069,263
272,84,"","","",2,False,959,0,0,1578,494,2400,4,36463,36465,36466,36467,41058,37850,0,0,0,0,4070,264
273,85,"","","",7,True,959,0,0,1498,1560,300,4,36468,36470,36471,36472,41404,41411,0,0,0,0,4071,265
274,85,"","","",7,False,959,0,0,1090,1538,600,4,36468,36470,36473,36475,38834,0,0,0,0,0,4072,266
275,86,"","","",2,False,961,0,0,508,876,1800,4,36476,36478,36477,36479,36480,37853,0,0,0,0,4073,267
276,87,"","","",2,False,961,0,0,1202,440,900,4,36476,36481,36477,36485,39240,39883,0,0,0,0,4074,268
277,87,"","","",2,False,961,0,0,1634,762,1500,4,36476,36484,36477,35607,38836,41410,0,0,0,0,4075,269
278,88,"","","",7,False,960,0,0,994,1756,300,4,36487,36489,36488,36491,38835,0,0,0,0,0,4076,272
279,89,"","","",7,False,960,0,0,426,1476,300,4,36487,36492,36488,36494,36684,0,0,0,0,0,4077,271
280,90,"","","",7,False,960,0,0,298,1062,300,4,36487,36495,36488,36496,36497,41419,39882,0,0,0,4078,270
281,84,"","","",2,False,960,0,0,698,528,600,4,36503,36499,36501,36502,37851,0,0,0,0,0,4079,273
282,84,"","","",2,False,960,0,0,1079,389,750,4,36503,36499,36505,41405,0,0,0,0,0,0,4080,274
283,89,"","","",9,False,960,0,0,212,1706,900,4,36506,36507,36509,36510,36511,36512,36513,36685,0,0,4081,275
284,90,"","","",9,False,960,0,0,1824,406,900,4,36506,36507,36508,36514,36515,36516,36517,37852,0,0,4082,276
285,90,"A profound melancholy swells within you!","The melancholy passes as swiftly as it came...","You are seized by melancholy once more!",9,True,960,0,0,1202,808,600,4,36506,36507,36508,36518,36519,36520,36521,41406,41412,0,4083,277
286,1,"A large fin breaches the ocean surface!","The fin sinks under the surface and out of sight...","The fin breaches the water's surface again!",1,False,900,3443,4363,1025,1025,300,4,40524,40522,40523,40521,40525,40526,40527,40528,40529,40530,4367,278
287,1,"A lethal predator draws close to the ship!","The predator loses interest...","The lethal predator draws close with renewed interest!",1,False,900,3443,4363,1025,1025,300,2,40531,40532,40533,40534,40535,40536,40537,40538,40539,40540,4368,279
288,1,"A strip of red and white floats under the water's surface!","You lose sight of the colorful fish...","You catch sight of the colorful fish again!",1,False,900,3443,4364,1025,1025,300,4,40541,40542,40543,40544,40545,40546,40547,40548,40549,40550,4369,280
289,1,"Something blue glitters deep under the water!","The glittering vanishes...","The glittering blue form reappears!",1,False,900,3443,4364,1025,1025,300,2,40551,40552,40553,40554,40555,40556,40557,40558,40559,40560,4370,281
290,1,"You feel hungry eyes track your every move!","The hungry thing decides to feast elsewhere...","The hungry thing returns!",1,False,900,3443,4365,1025,1025,300,4,40561,40562,40563,40564,40567,40566,40565,40568,40569,40570,4371,282
291,1,"The sea temperature rises suddenly!","The temperature of the water returns to normal...","The sea temperature begins to rise again!",1,False,900,3443,4365,1025,1025,300,2,40571,40572,40573,40574,40575,40576,40577,40578,40579,40580,4372,283
292,1,"The seaweed glimmers with a strange light!","The seaweed glimmers no more...","The seaweed glimmers anew!",2,False,900,3443,4366,1025,1025,300,4,40581,40582,40583,40584,40585,40586,40587,40588,40589,40590,4373,284
293,1,"The scent of plums rises from the waters!","The scent of plums disappears...","The scent of plums wafts forth again!",2,False,900,3443,4366,1025,1025,300,2,40591,40592,40593,40594,40595,40596,40597,40598,40599,40600,4374,285
294,90,"","","",2,False,1185,0,0,734,860,300,4,43664,43665,43666,44339,0,0,0,0,0,0,5037,286
295,90,"","","",1,False,1185,0,0,833,1679,1000,4,43667,43668,43669,43670,43671,44336,47988,0,0,0,5038,287
296,91,"","","",1,False,1185,0,0,1432,1275,1800,4,43667,43672,43673,43674,43903,0,0,0,0,0,5039,288
297,91,"","","",8,False,1187,0,0,967,1328,400,4,43675,43676,43677,43678,43679,44340,0,0,0,0,5040,289
298,92,"","","",8,False,1187,0,0,950,1796,600,4,43680,43681,43682,43683,0,0,0,0,0,0,5041,290
299,93,"","","",2,True,1187,0,0,265,966,1000,4,43684,43685,43686,43687,43688,43905,46189,0,0,0,5042,291
300,92,"","","",2,False,1188,0,0,482,570,1500,4,43689,43690,43691,43692,43693,44334,47989,0,0,0,5043,292
301,91,"","","",2,False,1188,0,0,1096,596,1200,4,43689,43690,43694,43904,44341,0,0,0,0,0,5044,293
302,93,"","","",2,False,1188,0,0,1411,550,600,2,43689,43690,43695,43696,43697,47990,0,0,0,0,5045,294
303,93,"","","",2,False,1188,0,0,1842,1612,600,4,43698,43699,43700,46190,0,0,0,0,0,0,5046,295
304,94,"","","",2,False,1188,0,0,1948,704,600,4,43698,43699,43701,43702,43703,0,0,0,0,0,5047,296
305,93,"","","",2,False,1188,0,0,1085,1004,800,4,43704,43705,43706,43707,46249,0,0,0,0,0,5048,297
306,94,"","","",2,False,1188,0,0,672,1381,2000,4,43708,43709,43710,43711,44337,0,0,0,0,0,5049,298
307,95,"","","",2,False,1188,0,0,1237,1528,800,4,43708,43709,43712,43713,43714,0,0,0,0,0,5050,299
308,93,"","","",2,False,1189,0,0,359,543,600,4,43715,43716,43717,43718,44343,0,0,0,0,0,5051,300
309,92,"","","",2,False,1189,0,0,632,584,500,4,43715,43716,43719,43720,47991,0,0,0,0,0,5052,301
310,94,"","","",2,False,1189,0,0,906,389,800,4,43715,43716,43721,43722,44335,47992,0,0,0,0,5053,302
311,94,"","","",2,False,1189,0,0,1538,289,1800,4,43723,43724,43725,43726,43727,46191,0,0,0,0,5054,303
312,94,"","","",2,True,1189,0,0,1611,779,800,4,43728,43729,43730,43731,46192,0,0,0,0,0,5055,304
313,94,"","","",2,False,1189,0,0,352,1308,400,4,43732,43733,43734,43735,0,0,0,0,0,0,5056,305
314,94,"","","",2,False,1189,0,0,1035,964,800,4,43732,43734,43736,43737,0,0,0,0,0,0,5057,306
315,94,"","","",2,False,1189,0,0,936,1546,1800,4,43732,43734,43738,43739,43740,0,0,0,0,0,5058,307
316,96,"","","",2,False,1189,0,0,1697,1581,1000,4,43732,43734,43741,43742,0,0,0,0,0,0,5059,308
317,94,"","","",2,False,1189,0,0,1222,1898,800,4,43732,43734,43743,43744,44338,0,0,0,0,0,5060,309
318,97,"","","",1,True,1189,0,0,1793,1243,800,4,43745,43746,43747,43748,43749,44342,0,0,0,0,5061,310
319,95,"","","",2,False,1190,0,0,1438,318,600,4,43750,43751,43752,43753,44345,0,0,0,0,0,5062,311
320,96,"","","",2,False,1190,0,0,1524,637,1000,4,43750,43751,43754,43755,43756,47993,0,0,0,0,5063,312
321,95,"","","",4,False,1190,0,0,753,1860,1000,4,43757,43758,43759,43760,43761,46779,0,0,0,0,5064,313
322,96,"","","",4,False,1190,0,0,1603,1860,1000,4,43757,43762,43763,43764,43906,44347,46193,0,0,0,5065,314
323,97,"","","",2,False,1191,0,0,938,394,1400,4,43765,43766,43767,43768,46194,0,0,0,0,0,5066,315
324,97,"","","",2,False,1191,0,0,605,818,1500,4,43765,43766,43769,43770,44346,0,0,0,0,0,5067,316
325,98,"","","",2,False,1191,0,0,1025,1561,1800,4,43771,43772,43773,43774,47994,46188,0,0,0,0,5068,317
326,98,"","","",2,False,1191,0,0,288,1647,1000,4,43771,43772,43773,43775,0,0,0,0,0,0,5069,318
327,98,"","","",2,False,1186,0,0,499,1505,1800,4,43776,43777,43778,43779,44344,0,0,0,0,0,5070,319
328,99,"","","",2,False,1192,0,0,311,665,400,4,43780,43781,43782,43783,47995,0,0,0,0,0,5071,320
329,100,"You sight the shadow of an enormous serpent!","The serpentine shadow winds out of sight...","The serpentine shadow looms once again!",2,False,1192,0,0,578,525,300,4,43780,43781,43784,43785,46195,0,0,0,0,0,5072,321
330,99,"","","",2,False,1192,0,0,759,608,600,4,43780,43781,43786,43787,0,0,0,0,0,0,5073,322
331,99,"","","",1,False,1192,0,0,665,1687,1050,4,43788,43789,43790,43791,43792,46196,0,0,0,0,5074,323
332,100,"","","",1,False,1192,0,0,425,1356,1050,4,43788,43789,43793,43794,43795,0,0,0,0,0,5075,324
333,100,"","","",2,True,1192,0,0,1871,1531,500,4,43796,43797,43798,43799,0,0,0,0,0,0,5076,325
334,0,"","","",0,False,0,0,0,0,0,0,0,0,0,0,0,0,0,0,0,0,0,0,0
335,0,"","","",0,False,0,0,0,0,0,0,0,0,0,0,0,0,0,0,0,0,0,0,0
336,0,"","","",0,False,0,0,0,0,0,0,0,0,0,0,0,0,0,0,0,0,0,0,0
10000,70,"","","",2,False,0,0,0,0,0,0,0,20123,20119,0,0,0,0,0,0,0,0,2507,0
10001,70,"","","",2,False,0,0,0,0,0,0,0,29994,29995,30000,30001,0,0,0,0,0,0,2258,0
10002,1,"","","",2,False,0,0,0,0,0,0,0,29994,29995,29996,29997,0,0,0,0,0,0,2259,0
10003,60,"","","",2,False,0,0,0,0,0,0,0,29994,29995,29998,29999,0,0,0,0,0,0,2261,0
10004,80,"","","",5,False,0,0,0,0,0,0,0,30002,30003,30004,30006,30010,0,0,0,0,0,2262,0
10005,80,"","","",5,False,0,0,0,0,0,0,0,30002,30003,30005,30007,30011,0,0,0,0,0,2263,0
10006,80,"","","",5,False,0,0,0,0,0,0,0,30002,30003,30004,30008,30012,0,0,0,0,0,2264,0
10007,80,"","","",5,False,0,0,0,0,0,0,0,30002,30003,30005,30009,30013,0,0,0,0,0,3489,0
10008,70,"","","",2,False,0,0,0,0,0,0,0,31586,31587,31588,31589,0,0,0,0,0,0,2258,0
10009,1,"","","",2,False,0,0,0,0,0,0,0,31578,31579,31580,31581,0,0,0,0,0,0,2259,0
10010,60,"","","",2,False,0,0,0,0,0,0,0,31582,31583,31584,31585,0,0,0,0,0,0,2261,0
10011,80,"","","",5,False,0,0,0,0,0,0,0,31590,31591,31592,31596,31600,0,0,0,0,0,2262,0
10012,80,"","","",5,False,0,0,0,0,0,0,0,31590,31591,31593,31597,31602,0,0,0,0,0,2263,0
10013,80,"","","",5,False,0,0,0,0,0,0,0,31590,31591,31594,31598,31601,0,0,0,0,0,2264,0
10014,80,"","","",5,False,0,0,0,0,0,0,0,31590,31591,31595,31599,31603,0,0,0,0,0,3489,0
10015,80,"","","",5,False,0,0,0,0,0,0,0,31590,31591,30006,30007,30010,30011,0,0,0,0,3532,0
10016,80,"","","",5,False,0,0,0,0,0,0,0,31590,31591,30008,30009,30012,30013,0,0,0,0,3533,0
10017,70,"","","",2,False,0,0,0,0,0,0,0,32890,32891,32892,32893,0,0,0,0,0,0,2258,0
10018,1,"","","",2,False,0,0,0,0,0,0,0,32882,32883,32884,32885,0,0,0,0,0,0,2259,0
10019,60,"","","",2,False,0,0,0,0,0,0,0,32886,32887,32888,32889,0,0,0,0,0,0,2261,0
10020,80,"","","",5,False,0,0,0,0,0,0,0,32894,32895,32896,32900,32904,0,0,0,0,0,2262,0
10021,80,"You spot a massive shadow drifting along beneath the clouds.","The shadow is no more.","The looming shadow appears beneath the clouds once again.",5,False,0,0,0,0,0,0,0,32894,32895,32897,32901,32905,0,0,0,0,0,2263,0
10022,80,"","","",5,False,0,0,0,0,0,0,0,32894,32895,32898,32902,32906,0,0,0,0,0,2264,0
10023,80,"You glimpse the blurred form of some flying creature as it flashes across the sky.","Like a living bolt of lightning, the creature flickers past and is gone.","",5,False,0,0,0,0,0,0,0,32894,32895,32899,32903,32907,0,0,0,0,0,3489,0
10024,80,"","","",5,False,0,0,0,0,0,0,0,32894,32895,30006,30007,30010,30011,31596,31597,31600,31602,3532,0
10025,80,"","","",5,False,0,0,0,0,0,0,0,32894,32895,30008,30009,30012,30013,31598,31599,31601,31603,3533,0
10026,84,"","","",2,False,1073,0,0,1069,1141,200,4,36503,36501,0,0,0,0,0,0,0,0,4191,0
10027,84,"","","",2,False,1073,0,0,1141,821,600,4,36503,36499,0,0,0,0,0,0,0,0,4192,0
10028,84,"","","",2,False,1073,0,0,1172,627,200,4,36503,36501,0,0,0,0,0,0,0,0,4193,0
10029,84,"","","",2,False,1073,0,0,861,1136,800,4,36503,36505,0,0,0,0,0,0,0,0,4194,0
10030,84,"","","",2,False,1073,0,0,736,1370,800,4,36503,36505,36499,0,0,0,0,0,0,0,4195,0
10031,1,"","","",2,False,0,0,0,0,0,0,0,0,0,0,0,0,0,0,0,0,0,5206,0
10032,1,"","","",2,False,0,0,0,0,0,0,0,0,0,0,0,0,0,0,0,0,0,5207,0
10033,1,"","","",2,False,0,0,0,0,0,0,0,0,0,0,0,0,0,0,0,0,0,5208,0
10034,1,"","","",2,False,0,0,0,0,0,0,0,0,0,0,0,0,0,0,0,0,0,5209,0
10035,1,"","","",2,False,0,0,0,0,0,0,0,0,0,0,0,0,0,0,0,0,0,5210,0
10036,1,"","","",7,False,0,0,0,0,0,0,0,0,0,0,0,0,0,0,0,0,0,5211,0
10037,1,"","","",7,False,0,0,0,0,0,0,0,0,0,0,0,0,0,0,0,0,0,5212,0
10038,1,"","","",7,False,0,0,0,0,0,0,0,0,0,0,0,0,0,0,0,0,0,5213,0
10039,1,"","","",7,False,0,0,0,0,0,0,0,0,0,0,0,0,0,0,0,0,0,5214,0
10040,0,"","","",0,False,0,0,0,0,0,0,0,0,0,0,0,0,0,0,0,0,0,0,0
10041,0,"","","",0,False,0,0,0,0,0,0,0,0,0,0,0,0,0,0,0,0,0,0,0
10042,0,"","","",0,False,0,0,0,0,0,0,0,0,0,0,0,0,0,0,0,0,0,0,0
10043,1,"","","",2,False,0,0,0,0,0,0,0,45693,45694,45695,0,0,0,0,0,0,0,5206,0
10044,1,"","","",2,False,0,0,0,0,0,0,0,45696,45697,45698,0,0,0,0,0,0,0,5207,0
10045,1,"","","",2,False,0,0,0,0,0,0,0,45699,45700,45701,0,0,0,0,0,0,0,5208,0
10046,1,"","","",2,False,0,0,0,0,0,0,0,45702,45703,45704,0,0,0,0,0,0,0,5209,0
10047,1,"","","",2,False,0,0,0,0,0,0,0,45705,45706,45707,0,0,0,0,0,0,0,5206,0
10048,1,"","","",2,False,0,0,0,0,0,0,0,45708,45709,45710,0,0,0,0,0,0,0,5207,0
10049,1,"","","",2,False,0,0,0,0,0,0,0,45711,45712,45713,45714,0,0,0,0,0,0,5209,0
10050,1,"","","",2,False,0,0,0,0,0,0,0,45715,45716,45717,45718,0,0,0,0,0,0,5206,0
10051,1,"","","",2,False,0,0,0,0,0,0,0,45719,45720,45721,45722,0,0,0,0,0,0,5208,0
10052,1,"","","",2,False,0,0,0,0,0,0,0,45723,45724,45725,45726,0,0,0,0,0,0,5209,0
10053,1,"","","",2,False,0,0,0,0,0,0,0,45727,45728,45729,45730,0,0,0,0,0,0,5206,0
10054,1,"","","",2,False,0,0,0,0,0,0,0,45731,45732,45733,45734,0,0,0,0,0,0,5208,0
10055,1,"","","",2,False,0,0,0,0,0,0,0,45735,45736,45737,45738,0,0,0,0,0,0,5207,0
10056,1,"","","",2,False,0,0,0,0,0,0,0,45739,45740,45741,45742,45743,0,0,0,0,0,5210,0
10057,1,"","","",2,False,0,0,0,0,0,0,0,45744,45745,45746,45747,45748,0,0,0,0,0,5206,0
10058,1,"","","",2,False,0,0,0,0,0,0,0,45749,45750,45751,45752,45753,0,0,0,0,0,5210,0
10059,1,"","","",2,False,0,0,0,0,0,0,0,45754,45755,45756,45757,45758,0,0,0,0,0,5207,0
10060,1,"","","",7,False,0,0,0,0,0,0,0,45759,45760,45761,45762,45763,0,0,0,0,0,5211,0
10061,1,"","","",2,False,0,0,0,0,0,0,0,45764,45765,45766,45767,45768,0,0,0,0,0,5208,0
10062,1,"","","",2,False,0,0,0,0,0,0,0,45769,45770,45771,45772,0,0,0,0,0,0,5209,0
10063,1,"","","",7,False,0,0,0,0,0,0,0,45773,45774,45775,45776,45777,0,0,0,0,0,5211,0
10064,1,"Something glints white beneath the water!","The glint was all too fleeting...","The glinting white form reappears!",2,False,0,0,0,0,0,0,0,45778,45779,45780,45781,45782,45783,0,0,0,0,5207,0
10065,1,"","","",2,False,0,0,0,0,0,0,0,45784,45785,45786,45787,45788,0,0,0,0,0,5208,0
10066,1,"","","",2,False,0,0,0,0,0,0,0,45789,45790,45791,45792,45793,0,0,0,0,0,5210,0
10067,1,"","","",7,False,0,0,0,0,0,0,0,45794,45795,45796,45797,45798,0,0,0,0,0,5211,0
10068,1,"","","",2,False,0,0,0,0,0,0,0,45799,45800,45801,45802,45803,0,0,0,0,0,5210,0
10069,1,"","","",2,False,0,0,0,0,0,0,0,45826,45827,45828,45829,45830,0,0,0,0,0,5206,0
10070,1,"","","",2,False,0,0,0,0,0,0,0,45820,45821,45822,45823,45824,45825,0,0,0,0,5209,0
10071,1,"","","",7,False,0,0,0,0,0,0,0,45831,45832,45833,45834,45835,0,0,0,0,0,5214,0
10072,1,"","","",7,False,0,0,0,0,0,0,0,45836,45837,45838,45839,45840,0,0,0,0,0,5212,0
10073,1,"","","",7,False,0,0,0,0,0,0,0,45865,45866,45867,45868,45869,45870,0,0,0,0,5211,0
10074,1,"","","",2,False,0,0,0,0,0,0,0,45871,45872,45873,45874,45875,45876,0,0,0,0,5210,0
10075,1,"","","",7,False,0,0,0,0,0,0,0,45804,45805,45806,45807,45808,45809,0,0,0,0,5211,0
10076,1,"","","",2,False,0,0,0,0,0,0,0,45841,45842,45843,45844,45845,45846,0,0,0,0,5209,0
10077,1,"","","",2,False,0,0,0,0,0,0,0,45810,45811,45812,45813,45814,0,0,0,0,0,5208,0
10078,1,"","","",2,False,0,0,0,0,0,0,0,45847,45848,45849,45850,45851,0,0,0,0,0,5206,0
10079,1,"","","",2,False,0,0,0,0,0,0,0,45877,45878,45879,45880,45881,45882,0,0,0,0,5210,0
10080,1,"","","",2,False,0,0,0,0,0,0,0,45853,45857,45854,45855,45858,45856,0,0,0,0,5207,0
10081,1,"","","",7,False,0,0,0,0,0,0,0,45883,45884,45885,45886,45887,45888,0,0,0,0,5212,0
10082,1,"","","",7,False,0,0,0,0,0,0,0,45815,45816,45817,45818,45819,0,0,0,0,0,5211,0
10083,1,"","","",7,False,0,0,0,0,0,0,0,45859,45860,45861,45862,45863,45864,0,0,0,0,5213,0
10084,1,"","","",7,False,0,0,0,0,0,0,0,45889,45890,45891,45892,45893,45894,0,0,0,0,5214,0
10085,1,"","","",7,False,0,0,0,0,0,0,0,45907,45908,45909,45910,45911,45912,0,0,0,0,5214,0
10086,1,"","","",7,False,0,0,0,0,0,0,0,45895,45896,45897,45898,45899,45900,0,0,0,0,5211,0
10087,1,"You glimpse a draconic form writhe up from the depths!","The draconic figure fades from view...","The draconic form looms forth once again!",7,False,0,0,0,0,0,0,0,45901,45902,45903,45904,45905,45906,0,0,0,0,5213,0
10088,1,"","","",2,False,0,0,0,0,0,0,0,45913,45914,45915,45916,45917,0,0,0,0,0,5209,0
10089,1,"","","",2,False,0,0,0,0,0,0,0,45918,45919,45920,45921,45922,0,0,0,0,0,5208,0
10090,1,"","","",7,False,0,0,0,0,0,0,0,45923,45924,45925,45926,45927,45928,0,0,0,0,5211,0
10091,1,"","","",2,False,0,0,0,0,0,0,0,45929,45930,45931,45932,45933,45934,0,0,0,0,5210,0
10092,1,"","","",2,False,0,0,0,0,0,0,0,45935,45936,45937,0,0,0,0,0,0,0,5208,0
10093,1,"","","",2,False,0,0,0,0,0,0,0,45938,45939,0,0,0,0,0,0,0,0,5207,0
10094,0,"","","",0,False,0,0,0,0,0,0,0,0,0,0,0,0,0,0,0,0,0,0,0
10095,0,"","","",0,False,0,0,0,0,0,0,0,0,0,0,0,0,0,0,0,0,0,0,0
10096,1,"","","",2,False,0,0,0,0,0,0,0,45945,45946,0,0,0,0,0,0,0,0,5206,0
10097,1,"","","",2,False,0,0,0,0,0,0,0,0,0,0,0,0,0,0,0,0,0,5286,0
10098,1,"","","",2,False,0,0,0,0,0,0,0,0,0,0,0,0,0,0,0,0,0,5287,0
10099,1,"","","",2,False,0,0,0,0,0,0,0,0,0,0,0,0,0,0,0,0,0,5288,0
10100,1,"","","",2,False,0,0,0,0,0,0,0,0,0,0,0,0,0,0,0,0,0,5289,0
10101,1,"","","",2,False,0,0,0,0,0,0,0,0,0,0,0,0,0,0,0,0,0,5290,0
10102,1,"","","",2,False,0,0,0,0,0,0,0,0,0,0,0,0,0,0,0,0,0,5291,0
10103,1,"","","",2,False,0,0,0,0,0,0,0,0,0,0,0,0,0,0,0,0,0,5292,0
10104,1,"","","",3,False,0,0,0,0,0,0,0,0,0,0,0,0,0,0,0,0,0,5293,0
10105,1,"","","",2,False,0,0,0,0,0,0,0,0,0,0,0,0,0,0,0,0,0,5294,0
10106,1,"","","",2,False,0,0,0,0,0,0,0,0,0,0,0,0,0,0,0,0,0,5295,0
10107,1,"","","",6,False,0,0,0,0,0,0,0,0,0,0,0,0,0,0,0,0,0,5296,0
10108,1,"","","",2,False,0,0,0,0,0,0,0,47422,47423,47424,0,0,0,0,0,0,0,5286,0
10109,1,"","","",2,False,0,0,0,0,0,0,0,47425,47426,47427,0,0,0,0,0,0,0,5287,0
10110,1,"","","",2,False,0,0,0,0,0,0,0,47428,47429,47430,0,0,0,0,0,0,0,5288,0
10111,1,"","","",2,False,0,0,0,0,0,0,0,47431,47432,47433,0,0,0,0,0,0,0,5286,0
10112,1,"","","",2,False,0,0,0,0,0,0,0,47434,47435,47436,0,0,0,0,0,0,0,5288,0
10113,1,"","","",2,False,0,0,0,0,0,0,0,47437,47438,47439,0,0,0,0,0,0,0,5287,0
10114,1,"","","",2,False,0,0,0,0,0,0,0,47440,47441,47442,47443,0,0,0,0,0,0,5286,0
10115,1,"","","",2,False,0,0,0,0,0,0,0,47444,47445,47446,47447,0,0,0,0,0,0,5287,0
10116,1,"","","",2,False,0,0,0,0,0,0,0,47448,47449,47450,47451,0,0,0,0,0,0,5286,0
10117,1,"","","",2,False,0,0,0,0,0,0,0,47452,47453,47454,47455,0,0,0,0,0,0,5287,0
10118,1,"","","",2,False,0,0,0,0,0,0,0,47456,47457,47458,47459,0,0,0,0,0,0,5286,0
10119,1,"","","",2,False,0,0,0,0,0,0,0,47460,47461,47462,47463,0,0,0,0,0,0,5288,0
10120,1,"","","",2,False,0,0,0,0,0,0,0,47464,47465,47466,47467,0,0,0,0,0,0,5288,0
10121,1,"","","",2,False,0,0,0,0,0,0,0,47480,47481,47482,47483,47484,0,0,0,0,0,5289,0
10122,1,"","","",2,False,0,0,0,0,0,0,0,47485,47486,47487,47488,47489,0,0,0,0,0,5290,0
10123,1,"","","",2,False,0,0,0,0,0,0,0,47490,47491,47492,47493,47494,0,0,0,0,0,5291,0
10124,1,"","","",2,False,0,0,0,0,0,0,0,47495,47496,47497,47498,47499,0,0,0,0,0,5292,0
10125,1,"","","",3,False,0,0,0,0,0,0,0,47500,47501,47502,47503,47504,0,0,0,0,0,5293,0
10126,1,"","","",2,False,0,0,0,0,0,0,0,47505,47506,47507,47508,47509,0,0,0,0,0,5287,0
10127,1,"","","",2,False,0,0,0,0,0,0,0,47510,47511,47512,47513,0,0,0,0,0,0,5288,0
10128,1,"","","",3,False,0,0,0,0,0,0,0,47514,47515,47516,47517,47518,0,0,0,0,0,5293,0
10129,1,"A pallid visage appears beneath the surface!","The pale creature distorts and vanishes...","You sight the pallid visage once more!",2,False,0,0,0,0,0,0,0,47519,47520,47521,47522,47523,47524,0,0,0,0,5286,0
10130,1,"","","",2,False,0,0,0,0,0,0,0,47525,47526,47527,47528,47529,0,0,0,0,0,5287,0
10131,1,"","","",2,False,0,0,0,0,0,0,0,47530,47531,47532,47533,47534,0,0,0,0,0,5288,0
10132,1,"","","",3,False,0,0,0,0,0,0,0,47535,47536,47537,47538,47539,0,0,0,0,0,5293,0
10133,1,"","","",2,False,0,0,0,0,0,0,0,47540,47541,47542,47543,47544,0,0,0,0,0,5290,0
10134,1,"","","",2,False,0,0,0,0,0,0,0,47556,47557,47558,47559,47560,0,0,0,0,0,5291,0
10135,1,"","","",2,False,0,0,0,0,0,0,0,47561,47562,47563,47564,47565,47566,0,0,0,0,5292,0
10136,0,"","","",0,False,0,0,0,0,0,0,0,0,0,0,0,0,0,0,0,0,0,0,0
10137,1,"","","",2,False,0,0,0,0,0,0,0,47609,47610,47611,47612,47613,0,0,0,0,0,5294,0
10138,1,"","","",3,False,0,0,0,0,0,0,0,47632,47633,47634,47635,47636,47637,0,0,0,0,5293,0
10139,1,"","","",2,False,0,0,0,0,0,0,0,47638,47639,47640,47641,47642,47643,0,0,0,0,5289,0
10140,1,"","","",2,False,0,0,0,0,0,0,0,47545,47546,47547,47548,47549,47550,0,0,0,0,5289,0
10141,1,"","","",2,False,0,0,0,0,0,0,0,47567,47568,47569,47570,47571,47572,0,0,0,0,5290,0
10142,1,"","","",2,False,0,0,0,0,0,0,0,47551,47552,47553,47554,47555,0,0,0,0,0,5290,0
10143,1,"A bulbous shadow appears in the water!","The shadow floats away...","The bulbous shadow drifts back into sight!",2,False,0,0,0,0,0,0,0,47573,47574,47575,47576,47577,0,0,0,0,0,5291,0
10144,1,"","","",2,False,0,0,0,0,0,0,0,47614,47615,47616,47617,47618,47619,0,0,0,0,5292,0
10145,0,"","","",0,False,0,0,0,0,0,0,0,0,0,0,0,0,0,0,0,0,0,0,0
10146,0,"","","",0,False,0,0,0,0,0,0,0,0,0,0,0,0,0,0,0,0,0,0,0
10147,1,"","","",2,False,0,0,0,0,0,0,0,47579,47580,47581,47582,47583,47584,0,0,0,0,5292,0
10148,1,"","","",2,False,0,0,0,0,0,0,0,47626,47627,47628,47629,47630,47631,0,0,0,0,5295,0
10149,1,"","","",6,False,0,0,0,0,0,0,0,47650,47651,47652,47653,47654,47655,0,0,0,0,5296,0
10150,1,"","","",3,False,0,0,0,0,0,0,0,47668,47669,47670,47671,47672,47673,0,0,0,0,5293,0
10151,1,"A lethal-looking blue barb breaks the surface!","The barb disappears beneath the surface...","The blue barb breaks the surface once more!",2,False,0,0,0,0,0,0,0,47656,47657,47658,47659,47660,47661,0,0,0,0,5294,0
10152,1,"Within the glass, a large stone...writhes?","You lose sight of the writhing stone...","You see the stone move once again!",6,False,0,0,0,0,0,0,0,47662,47663,47664,47665,47666,47667,0,0,0,0,5296,0
10153,1,"","","",2,False,0,0,0,0,0,0,0,47674,47675,0,0,0,0,0,0,0,0,5286,0
10154,1,"","","",2,False,0,0,0,0,0,0,0,47676,47677,0,0,0,0,0,0,0,0,5288,0
10155,1,"","","",2,False,0,0,0,0,0,0,0,47678,47679,47680,0,0,0,0,0,0,0,5295,0
